0.149501 235
0.000093 96
0.017421 194
0.000138 8
1.872024 193
1.432394 1
0.235719 3
0.354685 1
0.176948 1
0.525033 18
0.000661 18
0.014241 456
0.000008 68
0.000002 51
0.000043 133
0.000027 208
0.000031 271
0.000026 25
0.000194 235
0.000129 96
0.015910 194
0.000043 8
5.023173 193
4.480628 1
0.137127 3
0.291736 1
0.302897 1
0.444101 1
0.326755 13
1.917263 7
0.620909 1
0.249007 1
0.469977 34
1.077716 7
1.772976 7
0.000090 8
0.000041 1
0.000031 2
0.000571 43
0.000058 43
0.003551 66
0.072413 64
0.000152 2
0.460654 68
3.015816 68
3.017657 68
3.024294 68
3.025238 68
3.015399 66
0.000202 2
3.019061 66
0.000246 2
3.254944 69
0.001996 89
0.000256 2
0.510462 70
0.002223 61
0.153127 66
0.826780 70
3.037511 70
3.034430 68
0.000541 2
3.035728 70
3.026042 70
3.028206 70
3.031280 70
3.033986 68
0.000749 2
3.024788 68
0.000240 2
3.025644 68
0.000236 2
3.026918 70
3.028664 68
0.000295 2
3.024917 70
3.053213 70
3.034929 72
0.002258 76
0.399038 48
0.101173 48
0.100436 48
0.109508 48
0.114372 48
0.108877 48
0.105777 48
0.114904 48
0.101350 48
0.101574 48
0.106353 48
0.107784 48
0.101773 48
0.100406 48
0.109128 48
0.100231 48
0.101646 48
0.106851 48
0.113407 48
0.103680 48
0.100674 48
0.104551 48
0.108095 48
0.071843 51
0.014696 93
0.000645 71
0.005604 90
0.000581 88
0.000640 109
0.000705 39
0.044446 33
0.020140 38
0.015987 83
0.002549 63
0.199335 64
0.014280 2
1.044016 96
0.000288 235
0.000181 96
0.067276 187
0.000141 7
0.001021 8
6.096522 193
1.423943 1
0.126811 3
1.066641 5
0.172168 3
0.968222 1
0.092402 3
0.140751 1
0.205892 1
0.183241 1
0.049709 1
0.210411 1
1.048649 1
1.115600 1
0.303820 1
0.284817 1
0.326932 1
0.328129 1
1.919602 18
0.000809 30
0.034703 273
0.000376 408
0.000985 102
0.000673 235
0.001793 96
0.037010 187
0.000370 15
1.619434 1
0.108579 3
0.155228 1
0.068371 1
0.140902 1
0.085217 1
0.101127 1
3.130743 1
0.063678 1
0.125652 1
1.153633 1
0.985179 1
0.444546 1
0.959004 1
0.208980 1
0.223186 1
0.182304 1
0.246475 1
0.122298 1
0.195976 53
0.798635 128
0.005036 331
0.067826 32
0.000243 2
0.000022 2
0.000017 128
0.000016 2
0.000016 2
0.000072 34
0.000194 7
0.000158 8
1.262401 19
0.351351 1
0.500667 1
0.031276 1
0.032704 1
0.029479 1
0.030834 1
0.550759 1
0.181071 1
0.948694 13
0.318114 54
0.129439 12
0.000222 8
0.000080 8
0.000897 8
0.000095 8
0.000072 8
0.000065 8
0.000066 7
0.000071 5
0.000063 8
0.000119 8
0.000139 8
0.000296 8
0.000098 8
0.000084 8
0.000061 2
0.000060 7
0.000057 8
0.000061 8
0.000061 8
0.000062 8
0.000059 8
0.000060 8
0.000059 8
0.000067 7
0.000083 8
0.000087 6
0.003120 6
0.000413 8
0.000090 6
0.000066 5
0.000067 8
0.000112 8
0.000076 8
0.000067 8
0.000069 5
0.000063 2
0.000063 64
0.000065 3
0.000062 16
0.000063 8
0.000163 8
0.000165 8
0.000118 8
0.000078 7
0.000061 37
0.000062 8
0.000062 8
0.000060 8
0.000061 2
0.000062 14
0.000062 7
0.000061 13
0.000165 7
0.000069 24
0.000062 8
0.000106 5
0.000070 16
0.000063 2
0.000064 64
0.000062 3
0.000063 42
0.000064 8
0.000061 5
0.000061 34
0.000061 8
0.000062 8
0.000061 8
0.000061 5
0.000061 18
0.000188 3
0.000977 345
0.010767 331
0.095803 187
0.000155 7
0.000058 8
6.287334 1
0.145188 3
0.833845 5
0.253962 3
0.862529 193
1.319565 1
0.107975 3
0.185745 1
0.195091 1
0.287061 1
0.205273 13
3.561127 7
0.087966 1
0.330360 1
0.000122 154
0.831951 21
0.000161 3
0.000172 168
0.140925 95
0.000047 97
0.000536 161
0.495445 23
0.576948 7
0.700300 81
1.286442 2571
0.002872 331
0.026760 194
0.000014 8
7.312687 1
0.212029 3
1.837613 159
0.000057 36
0.843310 1
0.213032 1
0.262980 1
0.249434 13
1.013440 7
0.064019 1
0.225952 1
0.268381 29
0.515466 7
0.436066 18
0.000547 76
10.269999 18
0.043841 18
2.389370 10
0.050882 8
0.000145 2
0.962772 15
0.071386 13
0.000212 2
0.003219 235
0.000249 96
0.019525 187
0.000129 7
0.000086 8
3.092811 11
